1.328507 0.220020 127 86
1.329198 0.179342 156 89
1.336983 0.133500 187 92
1.335255 0.093711 214 94
1.330072 0.050462 243 97
1.332659 -0.003167 275 99
1.328324 -0.059389 310 102
1.330072 -0.117342 344 105
1.343041 -0.153677 366 107
1.332659 -0.212492 398 108
1.331785 -0.238441 414 109
1.283985 -0.252538 426 109
1.281584 -0.191560 390 107
1.285590 -0.106511 341 103
1.283985 -0.023067 289 99
1.289601 0.051552 238 95
1.287995 0.132590 183 90
1.290403 0.214431 125 84
1.320123 0.277023 82 79
1.226986 0.226449 106 82
1.201287 0.154240 156 86
1.186838 0.078828 213 91
1.182826 -0.001396 278 98
1.167576 -0.073593 325 101
1.165970 -0.112100 349 103
1.167576 -0.175474 393 106
1.101767 -0.173850 400 105
1.092132 -0.096040 340 101
1.104966 -0.007005 279 96
1.105777 0.086044 207 90
1.089729 0.158234 139 82
1.063238 0.232022 70 74
0.951066 0.211579 61 70
0.948078 0.139222 139 79
0.951809 0.075819 201 86
0.932395 -0.016679 289 92
0.912985 -0.092015 358 98
0.898054 -0.147209 411 100
0.868197 -0.180022 441 102
0.829382 -0.178524 451 101
0.813710 -0.095740 375 96
0.812218 -0.014450 290 89
0.809231 0.058635 204 81
0.812957 0.127993 119 72
0.804010 0.198837 21 62
0.727317 0.155592 55 64
0.713883 0.088478 151 73
0.716867 0.046721 206 81
0.701943 -0.003986 274 86
0.693735 -0.049471 336 90
0.685527 -0.086753 385 94
0.676571 -0.116579 424 97
0.651200 -0.179952 507 100
0.587792 -0.168016 521 96
0.587792 -0.109120 441 91
0.593011 -0.040532 336 84
0.593752 0.019855 234 74
0.596735 0.091426 117 62
0.598230 0.131685 33 52
0.493813 0.084810 77 45
0.493813 0.047281 165 55
0.480522 0.001088 261 65
0.481677 -0.044523 362 74
0.479366 -0.088402 449 80
0.455680 -0.114383 509 80
0.441318 -0.137501 570 82
0.408273 -0.115144 549 75
0.391499 -0.127337 596 73
0.388955 -0.092791 513 68
0.387940 -0.047576 400 59
0.380315 -0.025732 346 52
0.379299 0.018465 205 35
0.383873 0.056061 86 20
0.362020 0.054020 68 10
0.373199 0.005255 254 37
0.371675 -0.050627 419 55
0.362527 -0.072472 480 56
0.339150 -0.060790 466 47
0.334141 -0.020675 327 28
